f #ff4646 1 m 5.2 14.05 q 5.1 9.2 5 12.35 l 5 28.8 q 5.1 23.05 5.3 27.6 q 5.45 32.75 5.6 15.7 q 5.45 19.8 5.4 19.35 q 5.3 18.85 5.2 14.05 c
f #ff4646 1 m 7.4 14.05 q 6.3 9.2 5 12.35 l 5.05 29.2 q 6.35 22.9 8.05 27.6 q 9.8 32.75 11.5 15.7 q 10.1 19.8 9.3 19.35 q 8.45 18.85 7.4 14.05 c
f #ff4646 1 m 9.55 14.05 q 7.5 9.2 5 12.35 l 5.05 29.6 q 7.5 22.8 10.8 27.6 q 14.15 32.75 17.4 15.7 q 14.8 19.8 13.2 19.35 q 11.6 18.85 9.55 14.05 c
f #ff4646 1 m 11.75 14.05 q 8.7 9.2 5 12.35 l 5 29.95 q 8.7 22.65 13.6 27.6 q 18.45 32.75 23.3 15.7 q 19.45 19.8 17.15 19.35 q 14.8 18.85 11.75 14.05 c
f #ff4646 1 m 13.9 14.05 q 9.9 9.2 5 12.35 l 5 30.35 q 9.85 22.55 16.35 27.6 q 22.8 32.75 29.2 15.7 q 24.15 19.8 21.05 19.35 q 17.95 18.85 13.9 14.05 c
f #ff4646 1 m 18.15 15.1 q 12.5 10.85 5 12.35 l 5 30.7 q 12.15 22.65 21.85 26.9 q 31.6 31.15 39.95 16.9 q 32.85 20.25 28.3 19.8 q 23.75 19.25 18.15 15.1 c
f #ff4646 1 m 20.15 16.15 q 13.9 12.55 5 12.35 l 5 30.7 q 13.25 22.9 24.65 26.2 q 36.05 29.5 44.8 18.15 q 36.95 20.75 31.65 20.25 q 26.4 19.7 20.15 16.15 c
f #ff4646 1 m 22.2 17.15 q 15.3 14.2 5 12.35 l 5 30.7 q 14.3 23.1 27.4 25.55 q 40.5 27.9 49.6 19.35 q 41 21.2 35.05 20.65 q 29.05 20.1 22.2 17.15 c
f #ff4646 1 m 24.2 18.2 q 16.7 15.9 5 12.35 l 5 30.7 q 15.4 23.35 30.2 24.85 q 44.95 26.25 54.45 20.6 q 45.1 21.7 38.4 21.1 q 31.7 20.55 24.2 18.2 c
f #ff4646 1 m 59.3 21.8 q 49.15 22.1 41.75 21.55 q 34.3 20.9 26.2 19.25 q 18.1 17.55 5 12.35 l 5 30.7 q 16.5 23.6 32.95 24.1 q 49.35 24.6 59.3 21.8 c
f #ff4646 1 m 16.75 16.15 q 12 12.55 5 12.35 l 5 30.7 q 11.35 22.9 20.3 26.2 q 29.2 29.5 35.45 18.15 q 29.55 20.75 25.5 20.25 q 21.4 19.7 16.75 16.15 c
f #ff4646 1 m 16.4 13.5 q 11.1 9.2 5 12.35 l 5 30.7 q 12.05 20.9 20.2 26.55 q 28.35 32.15 35.1 15.7 q 29.4 19.55 25.5 18.7 q 21.65 17.75 16.4 13.5 c
f #ff4646 1 m 16.65 12.95 q 11.1 9.2 5 12.35 l 5 30.7 q 13.05 19.35 21.3 25.45 q 29.5 31.5 35.1 15.7 q 30 19.35 26.1 18 q 22.2 16.65 16.65 12.95 c
f #ff4646 1 m 16.95 12.4 q 11.1 9.2 5 12.35 l 5 30.7 q 14.05 17.85 22.35 24.4 q 30.7 30.9 35.1 15.7 q 30.55 19.1 26.65 17.35 q 22.75 15.5 16.95 12.4 c
f #ff4646 1 m 17.2 11.85 q 11.1 9.2 5 12.35 l 5 30.7 q 15.05 16.3 23.45 23.3 q 31.85 30.25 35.1 15.7 q 31.15 18.9 27.25 16.65 q 23.3 14.4 17.2 11.85 c
f #ff4646 1 m 17.45 11.25 q 11.05 9.2 5 12.35 l 5 30.7 q 16 14.8 24.55 22.2 q 33.05 29.6 35.1 15.7 q 31.75 18.6 27.8 15.95 q 23.85 13.3 17.45 11.25 c
f #ff4646 1 m 17.75 11.55 q 11.75 10.4 5 12.35 l 5 30.7 q 16.25 16.05 24.6 22.7 q 32.9 29.3 35.05 16.75 q 31.85 18.9 27.8 15.75 q 23.7 12.6 17.75 11.55 c
f #ff4646 1 m 18 11.8 q 12.4 11.6 5 12.35 l 5 30.7 q 16.45 17.35 24.65 23.15 q 32.8 28.9 35 17.75 q 31.95 19.1 27.75 15.55 q 23.55 11.9 18 11.8 c
f #ff4646 1 m 18.3 12.05 q 13.1 12.85 5 12.35 l 5 30.7 q 16.7 18.6 24.65 23.6 q 32.65 28.55 34.9 18.8 q 32 19.35 27.75 15.3 q 23.45 11.25 18.3 12.05 c
f #ff4646 1 m 18.55 12.3 q 13.75 14.05 5 12.35 l 5 30.7 q 16.9 19.9 24.7 24.05 q 32.55 28.15 34.85 19.8 q 32.1 19.55 27.7 15.1 q 23.3 10.55 18.55 12.3 c
f #ff4646 1 m 18.75 12.55 q 14.35 15.25 5 12.35 l 5 30.7 q 17.05 21.1 24.75 24.45 q 32.4 27.8 34.8 20.85 q 32.15 19.8 27.65 14.8 q 23.15 9.8 18.75 12.55 c
f #ff4646 1 m 19.45 12.65 q 14.4 15.25 5 12.35 l 5 30.7 q 18.05 20.7 25.3 23.3 q 32.55 25.85 34.5 20.75 q 32.5 19.95 28.5 15 q 24.4 10.05 19.45 12.65 c
f #ff4646 1 m 20.05 12.75 q 14.4 15.25 5 12.35 l 5 30.7 q 18.95 20.3 25.85 22.1 q 32.75 23.85 34.25 20.7 q 32.8 20.1 29.25 15.15 q 25.65 10.2 20.05 12.75 c
f #ff4646 1 m 20.7 12.8 q 14.4 15.25 5 12.35 l 5 30.7 q 19.9 19.85 26.45 20.9 q 32.9 21.9 33.95 20.6 q 33.1 20.2 30.05 15.35 q 26.95 10.4 20.7 12.8 c
f #ff4646 1 m 21.3 12.9 q 14.4 15.25 5 12.35 l 5 30.7 q 20.8 19.45 27 19.7 q 32.85 19.85 33.65 20.5 q 33.2 20 30.8 15.5 q 28.2 10.55 21.3 12.9 c
f #ff4646 1 m 21.9 13 q 14.35 15.25 5 12.35 l 5 30.7 q 21.75 19 27.5 18.45 q 33.25 17.9 33.4 20.45 q 33.65 20.45 31.55 15.6 q 29.45 10.7 21.9 13 c
f #ff4646 1 m 21.5 13.45 q 14.4 15.2 5 12.35 l 5 30.7 q 18.95 21.45 25.8 20.4 q 32.2 19.4 33.15 19 q 32.7 18.95 30.75 15.55 q 28.5 11.65 21.5 13.45 c
f #ff4646 1 m 21 13.9 q 14.45 15.15 5 12.35 l 5 30.7 q 16.15 23.85 24.1 22.3 q 31.95 20.75 33.05 17.5 q 32.25 18.3 29.9 15.45 q 27.5 12.6 21 13.9 c
f #ff4646 1 m 20.55 14.3 q 14.45 15.15 5 12.35 l 5 30.7 q 13.3 26.3 22.35 24.25 q 31.35 22.1 32.9 16 q 31.5 17.2 29.05 15.4 q 26.55 13.5 20.55 14.3 c
f #ff4646 1 m 20.05 14.75 q 14.5 15.1 5 12.35 l 5 30.7 q 10.5 28.7 20.65 26.15 q 30.7 23.5 32.7 14.55 q 30.8 16.1 28.2 15.3 q 25.55 14.45 20.05 14.75 c
f #ff4646 1 m 19.55 15.2 q 14.5 15.05 5 12.35 l 5 30.7 q 7.7 31.1 18.85 28 q 30 24.9 32.55 13.05 q 30 15 27.3 15.15 q 24.6 15.3 19.55 15.2 c
f #ff4646 1 m 18.9 14.95 q 13.8 13.9 5 12.35 l 5 30.7 q 8.35 29.4 18.95 27.95 q 29.45 26.45 33.05 13.6 q 29.8 15.95 26.85 16.05 q 23.9 16.05 18.9 14.95 c
f #ff4646 1 m 18.2 14.75 q 13.15 12.7 5 12.35 l 5 30.7 q 9.05 27.65 19 27.85 q 28.9 28.05 33.55 14.1 q 29.55 16.9 26.4 16.85 q 23.2 16.75 18.2 14.75 c
f #ff4646 1 m 17.5 14.5 q 12.45 11.55 5 12.35 l 5 30.7 q 9.7 25.9 19 27.8 q 28.3 29.6 34.1 14.65 q 29.3 17.9 25.9 17.7 q 22.5 17.45 17.5 14.5 c
f #ff4646 1 m 16.8 14.3 q 11.8 10.35 5 12.35 l 5 30.7 q 10.4 24.15 19.05 27.7 q 27.75 31.2 34.6 15.15 q 29.05 18.85 25.45 18.5 q 21.8 18.15 16.8 14.3 c
f #838383 1 m 5 8.65 q 4.9 8.7 4.8 8.75 q 4.4 8.95 3.9 8.95 q 3.35 8.95 2.95 8.75 q 2.85 8.7 2.75 8.7 l 2.75 40.65 l 5 40.65 l 5 8.65 c f #d7d7d7 1 m 3.9 4.5 q 2.95 4.5 2.3 5.15 q 1.65 5.8 1.65 6.7 q 1.65 7.65 2.3 8.3 q 2.55 8.5 2.75 8.7 q 2.85 8.7 2.95 8.75 q 3.35 8.95 3.9 8.95 q 4.4 8.95 4.8 8.75 q 4.9 8.7 5 8.65 q 5.25 8.5 5.45 8.3 q 6.1 7.65 6.1 6.7 q 6.1 5.8 5.45 5.15 q 4.8 4.5 3.9 4.5 c f 0 0 s 1 #fff 1 m 2.75 8.7 q 2.55 8.5 2.3 8.3 q 1.65 7.65 1.65 6.7 q 1.65 5.8 2.3 5.15 q 2.95 4.5 3.9 4.5 q 4.8 4.5 5.45 5.15 q 6.1 5.8 6.1 6.7 q 6.1 7.65 5.45 8.3 q 5.25 8.5 5 8.65 f 0 0 s 1 #fff 1 m 2.75 8.7 q 2.85 8.7 2.95 8.75 q 3.35 8.95 3.9 8.95 q 4.4 8.95 4.8 8.75 q 4.9 8.7 5 8.65
f #fff 1 m 13 6.5 q 13 3.8 11.1 1.9 q 9.2 0 6.5 0 q 3.8 0 1.9 1.9 q 0 3.8 0 6.5 q 0 9.2 1.9 11.1 q 3.8 13 6.5 13 q 9.2 13 11.1 11.1 q 13 9.2 13 6.5 c
f #fff 1 m 11.4 12.3 l 14 10.7 l 15.8 6.5 l 11.4 5.5 l 15.2 -0.7 l 8.4 5.1 l 1.8 -7.3 l 5.8 5.9 l 0.6 7.1 l 5.6 8.9 l -9.2 14.7 l 6.8 10.9 l 4.8 21.9 l 8.6 12.3 l 15.8 19.7 l 17.8 18.1 l 25.4 30.35 l 19 14.3 l 15.4 16.7 l 11.4 12.3 c
f #fff 1 m 38.75 12.3 q 37.8 17 34.05 21.05 q 38.7 18.8 40.55 13.25 q 42.35 7.55 37.7 0.55 q 39.7 7.5 38.75 12.3 c f #fff 1 m -5 -22.3 l -0.15 -8.95 q -2.65 -7.7 -4.8 -5.5 q -5 -5.35 -5.15 -5.15 l -10.8 -5.1 l -18 0.5 l -10.15 5.95 q -10.2 6.7 -10.2 7.5 q -10.2 10.55 -9.35 13.3 l -19.15 17.8 q -20.7 13.1 -20.2 8.05 q -19.9 4.4 -18.65 1.45 q -20.75 5.05 -21.3 9.8 q -21.85 14.3 -20.7 18.5 l -30.8 23.1 l -20.3 19.9 q -19.05 23.5 -16.55 26.85 q -10.75 34.55 -1.5 36.15 q 0.65 36.5 2.75 36.5 l 2.6 39.3 l 3.45 36.45 q 7.1 36.3 10.45 34.95 q 7.2 35.85 3.7 35.7 l 6.8 25.85 q 7.45 25.9 8.2 25.9 q 13.15 25.9 17.2 23.55 l 20.4 26.3 l 24.6 22.5 l 33.2 35.9 l 26.8 17.1 l 23.2 18.1 q 24.15 16.8 24.85 15.35 l 31 10.3 l 31.8 6.7 l 26.55 6.5 q 26.2 -0.5 21.2 -5.5 q 20.7 -6 20.2 -6.45 l 23.8 -13.3 l 18.05 -8.05 q 13.7 -10.9 8.2 -10.9 q 5.15 -10.9 2.45 -10.05 l -5 -22.3 m 3.35 25.3 l 2.8 35.6 q 1.5 35.45 0.25 35.25 q -9.1 33.5 -15.05 25.55 q -17.3 22.55 -18.6 19.35 l -8.05 16.2 q -6.8 18.5 -4.8 20.5 q -1.25 24.05 3.35 25.3 h c
f #fff 1 m 51.85 22.3 q 55.3 16.8 54.65 9.8 q 54 2.8 50.4 -0.7 q 52.3 4.1 52.6 9.45 q 52.85 14.75 50.15 20.6 q 47.4 26.4 43.4 28.5 q 48.4 27.8 51.85 22.3 c f #fff 1 m -3.85 -23.4 l -11.2 -35.7 l -6.85 -22.25 q -11.25 -19.95 -13.8 -14.5 q -9.95 -18.05 -6.2 -20.25 l -3 -10.4 q -3.9 -9.85 -4.75 -9.15 l -13.4 -6.1 l -21.6 0.7 l -12.85 7.8 l -20.6 9.3 l -12.35 12.7 l -19.6 16.75 q -19.9 15.95 -20.2 15.1 q -20.2 16.05 -20.1 17.05 l -29.75 22.45 q -31.9 15.75 -32.3 7.4 q -33.55 15.45 -31.45 23.4 l -36.6 26.3 l -31.15 24.55 q -30.25 27.55 -28.9 30.6 q -23.7 42.05 -9.2 45.6 q -4.15 46.8 0.8 46.85 l 0.8 47.1 l 0.85 46.85 q 10.1 46.9 19 42.9 q 8.95 45.4 1.4 45.4 l 5.5 34.25 q 7.15 33.85 8.6 33.1 q 7.2 33.35 5.8 33.45 l 7.4 29.1 q 7.95 29.15 8.6 29.15 q 16.45 29.15 22.3 24.15 l 37 40.1 l 32.6 18.9 l 30 18.7 l 34 14.1 l 35.8 7.5 l 30 7.7 q 30 4.9 29.4 2.4 l 34.8 -0.7 l 28.35 -0.7 q 26.8 -4.4 23.75 -7.45 q 23.3 -7.9 22.85 -8.3 l 31.4 -23.1 l 18.85 -11.2 q 14.25 -13.75 8.6 -13.75 q 5.3 -13.75 2.45 -12.9 l -2.9 -21.85 q 1.3 -23.45 8 -23.3 q 0.75 -24.55 -3.85 -23.4 m 2.6 28.35 l 2.1 33.45 q -2.4 33.1 -7.25 31.25 q -13.8 28.75 -17.95 20.4 l -10.3 18 q -8.9 20.55 -6.6 22.85 q -2.55 26.9 2.6 28.35 h m 1.95 34.8 l 0.95 45.4 q -7.85 45.35 -13.25 41.95 q -23.45 35.55 -26.85 29.25 q -28.2 26.75 -29.2 23.95 l -19.45 20.9 q -18.55 24.5 -16.6 27.45 q -13.25 32.55 -5 34.2 q -1.2 34.95 1.95 34.8 h c
f #fff 1 m 52.2 5.75 q 52.05 6.2 51.6 11.65 q 51.2 15.75 49.6 18.15 l 49.65 18.4 l 49.95 18.45 q 51.2 17.6 52.1 14.55 q 52.9 12 52.9 10.05 q 52.9 9.25 52.7 7.8 q 52.45 6.05 52.2 5.75 c f #fff 1 m 58 -3.95 q 57.65 -3.7 57.65 -2.95 q 58.9 3.85 58.9 8.3 q 58.9 14.95 54.7 22.8 q 52.55 26.75 50.45 30.05 q 50.45 30.55 50.6 30.35 q 53.3 28.7 56.5 21.85 q 59.95 14.35 59.95 8.35 q 59.95 4.75 59.6 2.55 q 59.3 1 58 -3.95 c f #fff 1 m 39.25 -18.55 l 39.2 -18.15 q 40.8 -15.95 41.4 -15.3 q 42.6 -13.85 43.7 -13.15 q 43.7 -13.2 43.75 -13.6 q 41.25 -18.2 39.25 -18.55 c f #fff 1 m 28.75 -26.2 q 28.75 -26.3 28.75 -26.45 q 28 -27.75 25.2 -27.75 l 25.25 -27.15 q 27.55 -26.1 28.4 -26.1 q 28.7 -26.1 28.75 -26.2 c f #fff 1 m 20.6 -27.9 l 20.65 -28 l 20.7 -27.9 l 20.7 -28.2 q 20.7 -29.7 17.55 -30.7 q 14.05 -31.45 13.4 -31.65 q 10.9 -31.7 7.95 -31.05 q 5.15 -30.45 5.15 -29.95 q 5.15 -29.6 5.3 -29.6 q 5.45 -29.55 5.85 -29.55 q 6.25 -29.65 7.25 -30 q 8.7 -30.35 12.05 -30.35 q 14.25 -30.35 17.1 -29.25 q 18.6 -28.7 20.6 -27.9 c f #fff 1 m -10.5 -21.5 l -10.55 -21.45 l -29.2 -18.1 l -40.4 -8.3 l -29.4 1.7 l -35 5.9 l -26 13 q -25.65 15.35 -24.95 17.65 l -36.6 24.45 q -38.15 20.2 -39.15 15.85 q -39.95 9.25 -40.2 7.85 q -40.75 8.4 -40.7 9.7 q -40.7 10.1 -40.65 10.8 q -40.7 10.85 -40.7 11 q -40.9 11.6 -40.9 11.85 q -40.9 12.55 -40.55 14.3 q -40.45 17.3 -40.15 19.25 q -39.75 21.95 -38.55 25.55 l -46 29.9 l -37.7 27.95 q -32.35 42.5 -27.75 42.5 q -27.3 42.5 -27.2 42.15 q -28.4 40.95 -29.5 39.7 l -29.45 39.65 q -33 33.7 -35.5 27.45 l -23.95 24.75 q -23.1 27.15 -21.3 29.75 q -17.45 35.45 -11.85 37.6 l -11.8 37.35 q -15.35 35.35 -17.85 32.6 q -18.95 31.4 -21.25 28.05 q -22.3 26.5 -22.95 24.55 l -22.05 24.35 q -19.85 28.2 -16.4 31.65 q -9.4 38.65 -0.35 40.8 l -0.4 42 q -2 41.7 -3.1 41.35 q -6.05 39.75 -8 38.9 q -8.3 39.05 -8.3 39.3 q -4.9 41.5 -3.55 42 q -2.2 42.5 -0.45 42.8 l -0.7 51.1 q -6.5 50.4 -10.6 49.35 q -16.15 47.85 -20.7 45.1 l -20.7 45.15 q -16.95 47.95 -12.5 49.5 q -7.45 51.4 -6.4 51.65 q -4.8 52 -0.75 52.5 l -0.8 53.9 l -0.25 52.55 q 1.6 52.75 4 53 l 10 53 q 10.45 52.9 11.65 52.65 q 11.85 52.55 12.05 52.5 l 13.05 52.5 q 17.2 51.7 22.35 50.85 q 25.95 49.95 29.5 47.55 q 23.55 49.4 21.8 49.85 q 18.95 50.55 13.15 51.45 l 3.4 51.5 q 1.8 51.35 0.35 51.2 l 3.7 43.3 q 5.4 43.45 7.4 43.45 q 12.3 43.45 17.4 41.8 q 22.5 40.15 22.7 38.5 q 19.6 40.15 17 41 q 12.35 42.5 7.2 42.5 q 5.5 42.5 4.05 42.4 l 4.45 41.55 q 6.05 41.7 7.8 41.7 q 19.8 41.7 28.85 34.4 l 41.2 50.7 l 46 23.5 l 41.8 21.7 l 50.8 10.5 l 49.4 6.1 l 41.95 5.4 q 41.7 1.45 40.7 -2.1 l 46.8 -9.1 l 38.4 -7.95 q 35.95 -12.7 31.95 -16.7 q 31.35 -17.3 30.75 -17.85 l 43 -35.7 l 25.25 -22 q 17.5 -26.7 7.8 -26.7 q 2.8 -26.7 -1.65 -25.5 l -22.8 -58.3 l -10.5 -21.5 m 26.6 26.7 l 5.6 23.5 l -4.2 26.1 l -4 13.5 l 2.4 5.5 l -2.4 -8.7 l 10 0.1 l 26.6 -4.7 l 16 7.9 l 26.6 26.7 h c
f #fff 1 m 7 57.15 q 11.25 56.75 14.05 56.2 q 14.5 56.1 18.1 55.25 q 20.5 54.7 24.7 53.75 q 27.75 52.9 27.75 51.65 q 27.75 51.1 27.4 50.95 q 18.9 53.55 17.45 53.9 q 14.9 54.55 7.5 55.6 l -4.35 55.7 q -8.1 55.7 -13.45 53.7 q -16.3 52.6 -20.2 50.9 l -20.2 51.35 q -15.95 55.6 -4.45 57.05 q -4.45 57.1 -0.6 57.15 l 7 57.15 c f #fff 1 m 28.6 35.7 l 21.4 32.5 l 6.4 29.9 l -11.4 31.5 l -11 11.7 l -2.6 0.5 l -7.6 -18.1 l -14.8 -21.3 q -33.5 -10.4 -32.2 8.8 q -31.85 14.65 -30.25 19.7 q -31.25 20.2 -32.35 20.8 q -36.3 22.9 -41.25 25.8 q -41.95 23.65 -42.5 21.4 q -43.05 19.15 -43.15 16.15 q -43.15 12.8 -43.2 11.2 q -44.15 7.2 -44.5 12.1 q -44.7 14.55 -44.7 18.05 q -44.7 19.35 -42.55 26.55 q -43.15 26.9 -43.75 27.3 q -44.4 27.6 -47.75 29.25 q -50.85 31.65 -56.75 35.3 q -59.2 36.75 -61.95 38.4 q -56.45 36.15 -44.55 31.3 q -42.95 30.7 -41.4 30.2 q -39.95 33.8 -37.8 37.3 q -34.85 42 -33 42 q -32.7 42 -32.65 41.9 l -32.65 41.8 q -37.05 36.35 -39.8 29.65 q -35.55 28.15 -31.85 26.85 q -29.75 26.05 -28 25.4 q -24.25 33.05 -17.15 38.4 q -3.4 48.85 16.5 45 q 26.1 43.8 28.6 35.7 c f #fff 1 m 41.3 49.1 l 47.2 25.1 l 40.2 22.1 l 40.4 17.3 l 26.2 19.7 l 37.05 42.35 q 33.6 36.9 30.65 32.9 q 26.5 27.2 26.5 29 q 26.5 29.85 34.6 42.1 q 42.05 53.4 47.45 61 q 47.8 60.95 47.9 60.8 q 46.8 57.55 43.5 52.4 q 42.3 50.6 41.3 49.1 c f #fff 1 m 48 10.1 l 47.2 6.9 l 37.8 2.3 l 24.2 6.5 l 27.8 15.1 l 48 10.1 c f #fff 1 m 62.6 -5.45 q 62.2 -5.3 62.2 -4.9 q 62.2 -4.7 62.65 -1.1 q 63.05 2.5 63.05 5.65 q 63.05 13.25 61.15 18.85 q 59.45 23.85 54.05 33.1 l 54.6 33.15 q 56 33.15 58.75 27.7 q 61 23.3 62.1 19.85 q 63.65 14.95 64 12.55 q 64.2 10.9 64.2 6.1 q 64.2 -2.15 62.6 -5.45 c f #fff 1 m 47.85 -12.9 l 48.1 -13.3 q 45.25 -17.35 45.25 -17.4 q 43.2 -19.8 40.9 -20.45 q 40.85 -20.5 40.85 -20 q 40.85 -19.55 43.3 -16.95 q 45.95 -14.2 47.85 -12.9 c f #fff 1 m 32.4 -3.5 l 39.2 -8.1 l 35 -13.9 q 35.6 -7.95 32.4 -3.5 c f #fff 1 m 31.9 -21.8 q 32 -21.75 32.45 -21.7 q 34.7 -24.15 46.6 -37.35 q 52.15 -43.75 54.85 -47.25 q 50.05 -43.2 46.2 -40.05 q 44.75 -38.3 43.85 -37.25 q 39.2 -32.65 35.6 -29.15 q 30.9 -24.5 29.35 -22.5 q 16.65 -34 -4.4 -25.5 l -4.3 -25.25 q -8.4 -31.65 -10.25 -34.85 q -10.35 -34.95 -10.4 -35.05 q -14.45 -41.3 -21.25 -53.15 q -19.85 -49.4 -18.7 -47.05 q -17.55 -44.7 -11.8 -30.7 q -7.7 -20.5 -6.85 -20.55 q -6.45 -20.6 -6.3 -21.05 q -7.7 -23 -8.65 -26.05 q -9.15 -27.8 -10.15 -31.05 q -7.65 -26.55 -6.1 -24.1 q -3.3 -19.65 -1.95 -19.75 q -1.65 -19.75 -1.5 -19.9 l -1.3 -20.05 l -1.2 -20.55 q -1.5 -20.95 -1.75 -21.35 l 17.4 -22.7 l 27 -16.85 l 30.2 -16.9 l 29.7 -21.15 q 30.25 -21.7 31.1 -22.6 q 32.45 -24.15 33.25 -24.75 q 31.75 -22.6 31.75 -22.2 q 31.75 -21.85 31.9 -21.8 c f #fff 1 m 24.2 -33.7 q 22.85 -34.5 22.05 -34.7 q 21.55 -34.8 17.65 -35.2 l 8.4 -35.2 q 4.3 -34.85 4.3 -34 q 4.3 -33.95 4.8 -33.45 q 6 -33.6 8.4 -34 l 18.3 -33.95 q 19.9 -33.95 21.5 -33.55 q 23.1 -33.2 23.6 -33.2 q 23.9 -33.2 24.3 -33.4 l 24.2 -33.7 c f #fff 1 m 26.05 -31.9 q 25.3 -31.8 25.1 -31.25 q 25.45 -31.1 26.35 -30.8 q 26.1 -31.35 26.05 -31.9 c f 0 0 s 1 #fff 1 m 35 -13.9 l 39.2 -8.1 l 32.4 -3.5 q 35.6 -7.95 35 -13.9
f #fff 1 m -9.4 61.8 q -10 61.45 -12.25 61.1 q -14.85 60.7 -16 60.3 q -17 59.9 -19.75 58.45 q -21.6 57.45 -22.15 57.6 q -21.45 59.2 -16.65 60.75 q -12.45 62.15 -10.2 62.15 q -9.5 62.15 -9.4 61.8 c f #fff 1 m -47.85 19.45 q -48.55 12.8 -48.8 11.65 q -49.3 12.15 -49.3 15.55 q -49.3 18.65 -48.7 22.15 q -47.85 26.8 -46.4 27.7 q -46.15 27.65 -46.05 27.35 q -47.3 24.35 -47.85 19.45 c f #fff 1 m -38.75 40.05 l -38.75 39.9 q -39.7 39.1 -41.15 37.1 q -42.6 35.15 -43.3 34.65 l -43.4 34.8 q -42.2 36.6 -41.5 37.5 q -40.35 39.1 -38.75 40.05 c f #fff 1 m -37 -5.5 l -23.4 -19.5 l -15 -26.7 l -36.2 -19.9 l -45 -9.9 l -36.6 -1.1 l -37 -5.5 c f #fff 1 m -50 -14.4 l -49.95 -14.05 l -49.2 -14 q -44.35 -22.1 -33.6 -29.45 q -32.85 -29.9 -32.25 -30.3 q -30.4 -31.2 -28.3 -32.15 q -23.85 -34.05 -20.25 -35.35 q -20.25 -35.85 -20.35 -35.8 q -23.4 -35.85 -32.3 -31.8 q -40.8 -27.95 -41.65 -25.65 q -44.65 -23.5 -46.55 -20.4 q -47.75 -18.35 -50 -14.4 m -45.55 -20.4 q -44.15 -22.3 -42 -24.3 q -41.95 -24.35 -41.9 -24.4 l -41.9 -24.35 q -41.9 -24.05 -41.85 -24.05 l -41.8 -24.15 l -41.65 -24.1 q -43.6 -22.35 -45.6 -20.3 l -45.55 -20.4 h c f #fff 1 m 18.3 62.85 q 17.75 63.1 17.55 63.1 q 16 63.2 10.6 63.2 l 10.6 63.45 q 11.05 63.7 12.25 63.85 q 12.25 63.95 15.7 63.95 q 18.15 63.95 19.5 62.8 q 18.9 62.7 18.3 62.85 c f #fff 1 m 3.35 63.05 l 3.55 62.75 q 3.4 62.65 0.5 62.55 q -0.95 62.55 -2.35 62.5 q -2.6 62.4 -3.75 62.45 q -4.95 62.5 -5 62.6 q -4.95 62.75 -2.45 63 l 3.35 63.05 c f #fff 1 m 38.6 28.1 l 34.6 40.9 l 43.8 59.3 l 49 33.7 l 38.6 28.1 c f #fff 1 m 32.2 46.1 l 26.2 47.7 l 9.4 48.9 l -1 37.3 l -9.4 38.9 l -13.8 41.3 l -31.8 24.5 l -29.8 37.3 l -14.2 53.7 l 8.6 56.1 l 26.2 52.9 l 32.2 46.1 c f #fff 1 m 57.65 32.8 q 57.1 32.75 56.15 33.75 q 55.25 34.7 55.25 35.2 q 55.25 35.7 55.4 35.45 q 55.65 35.1 56.5 34.2 q 57.25 33.35 57.65 32.8 c f #fff 1 m 58 32.25 l 58.05 32.55 q 62.2 28.7 64.5 23.4 q 61.95 25.9 58 32.25 c f #fff 1 m 56.9 6.45 q 56.7 6.45 56.6 6.55 q 57 8.15 57 8.2 q 57 10.65 56 13.65 q 54.35 18.45 54.1 19.45 l 54.35 19.45 q 57.55 11.85 57.55 10.25 q 57.55 7.15 56.9 6.45 c f #fff 1 m 67.3 6.45 l 67.05 6.45 q 67.35 10.6 67.15 13.05 q 67.1 13.45 66.2 16.5 q 65.3 19.4 65.3 19.85 q 65.3 20.35 65.4 20.05 q 66.25 17.4 67.15 14.95 q 67.65 13.35 67.65 10.55 q 67.65 8.05 67.3 6.45 c f #fff 1 m 65.8 -11.5 q 65.55 -11.6 65.55 -11.1 l 66 -11.1 q 65.9 -11.35 65.8 -11.5 c f #fff 1 m 66 -4.7 l 65.55 -4.7 q 65.55 -4.35 66.2 -1.85 q 66.85 0.7 66.9 1.45 l 67.05 1.45 q 67.2 1 67.2 0.75 q 66.65 -3.2 66 -4.7 c f #fff 1 m 47 -22.3 l 41.8 -8.3 l 51.8 -15.1 l 47 -22.3 c f #fff 1 m 54 -28.85 q 52.7 -30.45 52.2 -30.85 q 51.95 -30.7 51.95 -30.55 q 52.45 -30 53.6 -28.3 q 54.55 -27 55.2 -26.5 l 55.25 -26.7 q 55.2 -26.7 55.3 -27 q 55.3 -27.25 54 -28.85 c f #fff 1 m 17 -48.95 q 13.6 -48.95 13.6 -48.9 l 10.75 -48.65 q 9.15 -48.55 8.45 -47.9 q 9.6 -47.65 10.2 -47.8 l 10.2 -47.75 q 9.55 -47.25 9.25 -46.85 q 9.2 -46.8 9.25 -46.75 q 9.3 -46.7 9.6 -46.7 q 12.1 -47.9 15.35 -47.9 q 15.75 -47.9 16.35 -47.6 q 16.95 -47.3 17.45 -47.3 q 18 -47.3 18.1 -47.65 q 17.55 -48.2 17.45 -48.55 q 17.4 -48.75 17 -48.95 c f #fff 1 m 21.4 -32.7 l 29.8 -27.5 l 34.6 -29.5 l 25.4 -37.1 l 13.8 -39.9 l 3.8 -34.7 l 21.4 -32.7 c f #fff 1 m 39 -45.75 q 38.7 -46.25 37.5 -47.15 q 36.1 -48.2 35.65 -48.05 q 35.55 -47.8 35.55 -47.65 q 35.55 -47.5 36.95 -46.45 q 38.4 -45.35 38.65 -45.35 q 38.95 -45.35 39 -45.5 q 39 -45.55 39 -45.75 c
f #fff 1 m -21.25 70.6 l -21.2 71.05 q -19 72.05 -16.8 72.9 q -12.45 74.65 -10.4 74.65 q -10.1 74.65 -9.9 74.55 l -9.8 74.4 q -11.45 73.95 -16.25 72.2 q -20.5 70.75 -21.25 70.6 c f #fff 1 m -34.25 62.15 q -31.25 64.55 -24.35 69.65 l -24.3 69.5 q -38.2 57.4 -40.55 55.05 q -39.35 58.1 -34.25 62.15 c f #fff 1 m -54.6 14.45 q -54.95 14.7 -54.95 15.55 q -54.95 17.25 -53.85 22.55 q -52.7 28.05 -52 29.05 q -51.9 29.05 -51.85 29.05 q -51.85 29 -51.85 28.7 q -51.85 28.15 -52.85 22.8 q -53.95 17 -54.6 14.45 c f #fff 1 m -17 -34.9 q -27.6 -34.1 -36.6 -27.1 q -45.65 -20.1 -45.8 -8.9 q -42.85 -16.2 -36.25 -22.35 q -29.05 -29.2 -17 -34.9 c f #fff 1 m -28.25 -38.65 l -28.55 -38.8 q -30.5 -38.3 -33.9 -36.65 q -37.65 -34.8 -38.25 -33.75 l -38.2 -33.55 l -37.8 -33.5 q -37.2 -33.95 -33.25 -35.8 q -29.5 -37.6 -28.25 -38.65 c f #fff 1 m -44.05 -29.8 q -45.2 -30.3 -47.7 -27.1 q -48.75 -25.75 -51.35 -21.65 l -50.85 -21.55 q -49.1 -24.2 -48.05 -25.65 q -46.2 -28.2 -44.05 -29.8 c f #fff 1 m 57.5 57 q 56.75 57.2 54.75 59.65 q 52.5 62.4 50.8 63.4 q 50.85 63.55 51.15 63.6 q 53.35 62.4 54.95 60.4 q 56.5 58.1 57.5 57 c f #fff 1 m 29 60.5 l 7.2 63.1 q -12.7 61.05 -25.4 51.7 q -33.3 44.6 -38 36.5 q -32.85 56 -20.5 61.9 q -8.2 67.75 4.9 66.55 q 18 65.35 29 60.5 c f #fff 1 m 3.8 75.05 q 3.7 74.7 3.2 74.6 l -5.4 74.6 q -5.4 74.65 -5.6 74.6 q -5.8 74.65 -5.8 74.95 q -5.8 75.25 -5.75 75.3 q -5.7 75.3 -5.6 75.35 l 3.4 75.4 l 3.8 75.05 c f #fff 1 m 16.35 75.05 q 16.25 74.75 14 74.75 l 13.8 74.95 l 13.85 75.2 l 15.55 75.25 l 16.35 75.15 l 16.35 75.05 c f #fff 1 m 70.85 32.75 q 70.35 33.15 70.1 33.85 l 70.3 33.8 l 70.85 32.75 c f #fff 1 m 51.6 42.5 l 43.4 38.3 q 45.95 51.55 45.4 62.3 q 50.65 53.9 51.6 42.5 c f #fff 1 m 76.35 2.35 l 76.4 4.85 l 76.8 4.9 l 76.85 4.8 l 76.9 2.4 q 76.9 0.35 76.6 -0.1 q 76.35 0.5 76.35 2.35 c f #fff 1 m 77.7 8.4 l 77.4 8.15 q 77.3 8.75 77.05 13.2 l 77.1 13.45 q 77.55 13.45 77.7 13.2 l 77.7 8.4 c f #fff 1 m 74.1 -8.4 l 73.85 -8.35 q 73.8 -8.6 73.8 -8.1 q 73.8 -7.85 74.4 -6.4 q 75.1 -4.8 75.55 -4.4 l 75.6 -4.5 l 75.65 -4.4 l 75.65 -4.7 q 75.65 -4.8 75.05 -6.3 q 74.35 -7.9 74.1 -8.4 c f #fff 1 m 55.2 -19.3 l 52.4 -24.5 l 51.4 -17.3 l 55.2 -19.3 c f #fff 1 m 60.65 -32.35 l 60.65 -32.5 q 60 -33.35 59.7 -33.55 l 59.6 -33.4 l 60.65 -32.35 c f #fff 1 m 15.4 -45.9 l 26.2 -41.9 l 38.8 -33.7 l 28.4 -43.9 l 15.4 -45.9 c f #fff 1 m 13.35 -56.45 q 12.4 -56.8 10.05 -56.5 l 10.05 -56.05 q 10.05 -56 10.1 -55.95 q 10.2 -55.9 10.5 -55.9 q 10.6 -55.9 11.7 -55.8 q 12.85 -55.85 13.35 -56.45 c f #fff 1 m 43.9 -51.25 q 42.95 -52.15 40.5 -52.15 q 40.4 -52.3 40.4 -51.8 q 40.4 -51.5 40.5 -51.4 l 40.6 -51.35 q 41.55 -51.3 43.6 -50.8 q 43.9 -50.8 43.9 -50.95 q 43.95 -51.05 43.9 -51.25 c
f #fff 1 m -19.05 74.95 q -15.95 76.1 -14.75 76.1 q -13.55 76.1 -13.45 75.75 l -13.75 75.6 q -15.95 75.35 -19.75 73.9 q -23 72.7 -23.3 72.8 q -22.3 73.75 -19.05 74.95 c f #fff 1 m -29.1 68 q -29.9 67.25 -33 65.2 q -35.9 63.3 -36.65 62.45 q -37.15 62.05 -39.25 59.7 q -40.75 58.05 -41.9 57.8 q -39.85 60.65 -36.65 63.35 q -33.15 66.25 -29.25 68.15 l -29.1 68 c f #fff 1 m -55.3 19.7 l -55.5 19.7 q -55.5 19.95 -55.6 20.3 q -55.6 21.05 -55.3 23 q -54.9 25.5 -54.45 26 l -54.45 25.95 l -54.35 25.7 q -54.55 24.9 -54.75 22.65 q -54.9 20.65 -55.3 19.7 c f #fff 1 m -34.1 -40.35 q -35.2 -40.2 -36.55 -39.1 q -37.65 -38.2 -38.25 -37.35 l -38.2 -37.15 l -37.8 -37.1 q -37.4 -37.6 -36.1 -38.5 q -34.65 -39.55 -34 -40.2 l -34.1 -40.35 c f #fff 1 m -47.9 -15.9 q -47.9 -15.55 -47.65 -15.15 q -46.4 -17.7 -43.75 -20.9 q -39.25 -26.4 -32.6 -31.75 q -30.1 -33.8 -27.85 -35.35 q -33.45 -34.75 -37.15 -31.95 q -38.65 -30.9 -42.4 -26.5 q -43.65 -25 -45.85 -20.55 q -47.9 -16.4 -47.9 -15.9 m -44.8 -20.5 l -44.8 -20.55 q -44.75 -20.45 -44.9 -20.2 q -45.05 -19.95 -45.25 -19.8 l -45.2 -19.9 l -44.8 -20.5 h c f #fff 1 m -50.05 -26.7 q -49 -28.15 -48.75 -28.85 q -49.35 -28.4 -50.4 -27.1 q -51.45 -25.75 -51.8 -25 l -51.45 -24.8 q -50.6 -25.95 -50.05 -26.7 c f #fff 1 m 55.8 62.1 q 54.4 63.45 53.7 63.95 l 53.65 64.05 q 53.7 64.1 54 64.1 q 55.05 64.1 56.25 62.85 q 57.4 61.65 57.5 60.7 q 57.05 61 55.8 62.1 c f #fff 1 m 16.1 76.4 l 13.6 76.5 l 13.55 76.45 q 13.5 76.5 13.5 76.8 q 13.5 77.3 13.6 77.1 q 16.25 77.1 16.35 76.85 q 16.25 76.55 16.1 76.4 c f #fff 1 m 4.1 76.7 q 3.4 76.5 2 76.85 l -5 76.9 q -5.2 76.9 -5.25 77.2 l -5.2 77.45 l 1.8 77.5 q 3.9 76.95 4.1 76.7 c f #fff 1 m 21.1 65.4 q 21 65.15 20.6 65.15 q 20.4 65.15 20.2 65.2 q 20.15 65.05 20.1 65.05 q 19.95 65.05 19.8 65 q 18.95 65.25 17.55 65.35 q 13.85 65.65 13.25 65.7 l 10.55 65.7 q 10.4 66.35 9.9 66.7 q 8.85 67.4 5.8 67.4 q -0.3 67.4 -7.1 65.45 q -19.1 64.25 -26.65 58.3 q -27.85 57.3 -31.75 53.5 q -35.1 51.2 -37.7 48.9 q -39.3 47.45 -40.35 46.3 q -40.35 49 -36.95 53.1 q -34.25 56.35 -30.35 59.5 q -24.9 63.9 -20.2 65.55 q -15.8 67.1 -6.4 68 l 5.2 68 q 9.9 67.6 16 67.1 q 20 66.65 21.1 65.4 c f #fff 1 m 55.9 47.5 q 55.9 45.55 55.75 44.3 q 52.45 47.65 48.75 48.5 q 49.35 50.95 49.35 51.85 q 49.35 55.35 47.75 59.25 q 46.9 61.2 46.1 63 q 46.1 63.5 46.2 63.25 l 46.2 63.2 l 46.25 63.35 l 46.55 63.35 l 46.6 63.45 l 47 63.5 q 51.15 60.1 53.55 55.65 q 55.9 51.35 55.9 47.5 c f #fff 1 m 80.2 7.95 q 80.15 7.95 80.1 7.95 q 79.95 7.95 79.95 8.25 l 80.2 11.65 l 80.6 11.65 q 80.7 11.2 80.7 10.35 q 80.7 8.35 80.2 7.95 c f #fff 1 m 80.45 1.4 q 80.4 0.65 79.8 0.15 q 79.45 0.35 79.35 0.95 q 79.35 1.25 79.35 1.5 l 79.35 2.4 q 79.45 3.3 79.85 3.3 q 80.35 3.3 80.45 3.1 l 80.5 2.8 q 80.45 1.8 80.45 1.4 c f #fff 1 m 78.7 -7.5 l 78.45 -7.45 l 79 -6.35 l 79.1 -6.45 l 78.7 -7.5 c f #fff 1 m 56.5 -27 q 56.5 -26.7 57.55 -25.4 q 58.65 -24.1 59.05 -23.95 q 59.35 -24.4 59.35 -24.7 q 59.35 -25.2 58.5 -26.2 q 57.5 -27.4 56.6 -27.4 q 56.5 -27.15 56.5 -27 c f #fff 1 m 25.6 -48.7 q 23.5 -48.75 22.9 -48.45 q 22.6 -48.35 22.6 -48 q 22.6 -47.7 22.7 -47.55 q 22.7 -47.55 22.75 -47.5 q 23.5 -47.4 24.35 -47.1 q 32.35 -45.4 35.85 -42.15 q 36.6 -41.45 37.45 -40.5 q 39.25 -39.3 40.8 -37.95 q 40.3 -40.3 35.8 -43.85 q 30.4 -48.2 25.6 -48.7 c f #fff 1 m 10.6 -59.6 q 10.45 -59.6 10.35 -59.55 q 10.25 -59.45 10.25 -59.15 q 10.25 -58.85 10.35 -58.8 l 10.4 -58.8 q 12.2 -58.85 12.4 -59.15 q 12.3 -59.45 12 -59.55 l 10.6 -59.6 c f #fff 1 m 45.35 -53.5 q 44.45 -53.95 44.1 -54.05 q 43.3 -54.25 43.1 -53.65 q 44.5 -52.95 45.35 -53.05 l 45.4 -53.2 l 45.35 -53.5 c
f #fff 1 m -20.8 76.8 l -20.85 77.25 q -20.85 77.6 -19.9 78.15 q -18.9 78.7 -18.15 78.7 q -17.65 78.7 -17.05 78.15 q -19.7 76.35 -20.8 76.8 c f #fff 1 m -32.95 69.25 q -33.4 68.75 -34.65 68.05 q -35.95 67.3 -36.35 67.3 q -36.15 67.9 -35.05 68.65 q -33.95 69.4 -33.15 69.4 l -32.85 69.4 l -32.95 69.35 l -32.95 69.25 c f #fff 1 m -11.25 69.9 q -12.85 69.45 -14.2 69.15 q -13.5 69.45 -12.85 69.75 q -15.65 69.1 -17.45 69.15 q -17.55 69.45 -17.55 69.6 q -17.55 70.1 -17.45 70.05 l -12 70.95 l -11 70.55 q -10.75 70.65 -10.55 70.75 q -7.65 71.4 -6.7 71.4 q -6.4 71.4 -6.35 71.3 l -6.35 71.2 q -7.65 70.9 -11.25 69.9 c f #fff 1 m -42.4 50.8 q -42.45 50.85 -42.65 50.85 q -42.8 50.95 -42.8 51.25 q -42.8 52.4 -40.05 55.7 q -38.35 57.75 -36.75 59.35 q -33.6 62.3 -31.8 63.7 q -27.55 66.95 -25.2 66.95 q -24.9 66.95 -24.85 66.9 l -24.85 66.8 q -24.4 66.85 -23.85 66.85 l -22.8 66.6 l -23.35 66.35 q -30.2 62.6 -34.9 58.75 q -35.25 58.5 -39.25 54.2 q -40.85 52.45 -41.6 52.05 q -42 51.45 -42.4 50.8 m -35.7 58.75 q -35.5 58.9 -35.25 59.1 q -29.7 63.35 -26.8 65.05 q -26.9 65.3 -26.9 65.5 q -32.05 62.15 -35.7 58.75 h m -26.4 65.35 l -26.45 65.3 l -25.75 65.6 l -25.9 65.6 l -26.4 65.35 h c f #fff 1 m -38.35 -42.4 q -39 -42.5 -39.35 -42.1 q -39.6 -41.8 -39.6 -41.4 l -39.55 -40.65 l -39 -40.6 l -38.9 -40.75 q -38.85 -40.85 -38.3 -42.15 l -38.35 -42.4 c f #fff 1 m -30.25 -37.75 q -30.25 -38.25 -30.35 -38.2 q -31.9 -38.1 -36.5 -35.8 q -41.15 -33.5 -41.15 -32.8 q -41.5 -32.05 -40.2 -32.05 q -38.9 -32.05 -34.45 -34.85 q -30.25 -37.5 -30.25 -37.75 c f #fff 1 m -45 -28.5 q -45.1 -28.3 -45.25 -28.15 q -45.4 -27.9 -45.55 -27.7 q -47.85 -24.35 -49 -22.35 q -50.15 -21 -50.3 -20.3 q -48.3 -22.7 -44.1 -25.85 q -43.6 -26.35 -43.05 -26.85 q -43.05 -27.8 -44.35 -28.2 q -44.45 -28.25 -44.5 -28.25 q -44.55 -28.35 -44.65 -28.4 q -44.7 -28.45 -45 -28.5 m -44.75 -26.5 q -45.05 -26.3 -45.35 -26 q -45.2 -26.3 -45.05 -26.55 l -44.75 -26.5 h c f #fff 1 m -51.55 -31.65 q -51.95 -31.65 -52.35 -31.25 q -52.7 -30.9 -52.85 -30.55 l -52.75 -30.2 l -52.45 -30.15 l -51.55 -31.65 c f #fff 1 m 58.65 65.6 q 58.15 65.6 57.2 66.2 q 56.4 66.65 56.2 66.9 q 56.35 67.05 56.8 67.1 q 56.9 66.9 58.7 65.8 l 58.65 65.6 c f #fff 1 m 52.15 60.15 l 52.15 60.2 q 51.9 61.2 50.75 62.65 l 50.75 62.7 q 50.05 63.9 49.6 64.55 q 49.55 64.65 49.5 64.75 q 50.8 64.1 54.6 60.75 q 56.5 59.1 57.55 58.05 q 55.1 58.8 52.95 58.5 q 52.55 59.35 52.15 60.15 c f #fff 1 m 13.4 81.85 q 13.25 81.85 13.2 81.85 q 13.1 81.9 13.1 82.2 q 13.1 82.7 13.25 82.5 l 14.8 82.55 q 15.2 82.45 15.2 82.1 l 14.8 81.85 l 13.4 81.85 c f #fff 1 m 0.1 81 q 0.15 80.85 0.15 80.75 q -0.15 80.5 -1 80.45 q -1.95 80.35 -2.5 80.55 l -2.4 80.95 l -0.3 81.1 q 0 81.1 0.1 81 c f #fff 1 m 11.3 71.25 l 10.6 71.1 q 8.85 71.5 6.5 71.5 q 6.05 71.5 -0.15 71.45 q -0.9 71.45 -1.25 71.6 q -1.2 71.75 -0.95 72 l 2.8 72.2 q 7.05 72.2 9 71.95 q 10.3 71.75 11.3 71.25 c f #fff 1 m 58.6 48.45 q 57.5 46.9 56.95 47.2 q 56.7 48.2 56.45 49.2 q 55.8 52 55.1 53.95 l 55.15 53.95 q 55.8 53.9 56.8 53.9 q 57.85 53.55 58.85 52.9 q 59.55 52.5 60.15 52.25 q 60.25 51.95 60.3 51.65 q 60.4 50.95 58.6 48.45 c f #fff 1 m 82.65 0.8 q 82.65 1.55 82.7 1.65 q 82.8 1.95 83.4 2.3 l 83.55 2.15 q 83.6 2.25 83.6 1.75 q 83.6 1.4 83.4 0.7 q 83.15 0.05 83 -0.2 q 82.65 0.05 82.65 0.8 c f #fff 1 m 85.2 11.3 l 84.9 11.5 l 84.9 13.45 l 85.4 13.5 l 85.55 13.35 l 85.55 11.55 l 85.2 11.3 c f #fff 1 m 63.05 -29.35 q 62.85 -29.95 62.35 -30.25 q 61.85 -30.65 61.35 -30.3 q 61.4 -30.15 61.9 -29.65 q 62.45 -29.1 62.6 -29.1 q 63.1 -29.1 63.05 -29.35 c f #fff 1 m 38 -45.8 q 37.95 -45.85 37.95 -45.35 q 37.95 -45.2 41.45 -42.15 q 41.95 -42.15 41.95 -42.35 q 41.8 -43.25 40.5 -44.4 q 39.15 -45.6 38 -45.8 c f #fff 1 m 32.6 -50.35 q 29.5 -51.35 28.2 -51.2 q 28.15 -51.05 28.15 -50.95 q 27.35 -50.95 26.6 -50.8 l 26.65 -50.2 q 28.4 -49.9 31.9 -48.6 q 35 -47.45 36 -47.45 q 36.3 -47.45 36.4 -47.55 q 36.45 -47.65 36.5 -47.8 q 36.25 -48.2 35.75 -48.55 q 35.75 -48.6 35.75 -48.65 q 35.75 -49.35 32.6 -50.35 c f #fff 1 m 12 -63.8 l 12 -64.1 q 11.45 -64.45 11.15 -64.35 q 10.9 -64.25 10.9 -64 q 10.9 -63.7 11.05 -63.65 q 11.15 -63.65 11.6 -63.65 l 12 -63.8 c f #fff 1 m 46.6 -57.45 q 46.15 -58 44.9 -58 q 44.85 -58.25 44.85 -57.75 q 44.85 -57.45 44.9 -57.45 q 44.95 -57.45 44.95 -57.55 q 45.15 -57.45 45.6 -57.25 q 46.05 -57.05 46.35 -57.05 q 46.65 -57.05 46.65 -57.2 q 46.65 -57.25 46.6 -57.45 c
f #fff 1 m -9.15 73.1 q -10.85 72.7 -13.25 71.85 q -15.4 71.1 -15.9 71.05 l -15.95 71.3 l -15.9 71.5 q -13.9 72.35 -13.1 72.65 q -11.85 73.1 -9.9 73.3 l -9.15 73.2 l -9.15 73.1 c f #fff 1 m -43.1 52.95 q -43.15 53 -43.3 53.05 q -43.45 53.15 -43.45 53.45 q -43.45 54.25 -41.4 56.45 q -40.8 57.65 -37.4 61 q -33.9 64.35 -31 65.35 q -27.75 67.3 -25.35 67.3 q -25.05 67.3 -25 67.2 q -25 67.05 -25 66.9 q -33.4 62.75 -38.6 58 q -39 57.55 -39.3 57.2 q -40.15 56.3 -40.7 55.9 q -42.05 54.45 -43.1 52.95 c f #fff 1 m -46.65 -27.45 q -47 -27.85 -47.65 -27.85 q -49.3 -27.85 -50.25 -25.85 q -50.95 -24.4 -50.95 -23.35 q -50.95 -22.7 -50.75 -22.4 q -50.65 -22.4 -50.5 -22.4 q -49.25 -24.3 -46.4 -27.05 q -46.5 -27.3 -46.65 -27.45 c f #fff 1 m -41.45 -33.25 q -41.25 -33.3 -41.1 -33.3 q -38.05 -34.95 -36.45 -35.85 q -33.45 -37.55 -32.85 -38.3 l -32.9 -38.5 q -35.4 -38.65 -38.45 -36.9 q -41.5 -35.15 -41.5 -33.55 q -41.5 -33.25 -41.45 -33.25 c f #fff 1 m 57.25 64.6 q 56.9 64.65 56.2 65.25 q 55.5 65.85 55.5 66 q 55.5 66.3 55.55 66.35 q 55.6 66.4 55.75 66.45 q 56.5 66.2 56.95 65.7 q 57.4 65.3 57.4 64.95 l 57.4 64.65 l 57.25 64.6 c f #fff 1 m 57.95 60.15 q 54.35 59.5 53.3 61.2 q 53.25 61.3 52.45 63 q 51.95 64.15 51.15 64.9 l 51.45 64.95 q 51.7 64.75 52.1 65 q 53.15 65 55.55 63.25 q 58 61.45 58 60.65 q 57.95 60.25 57.95 60.15 m 54.8 60.55 l 54.8 60.55 q 54.8 60.55 54.75 60.55 l 54.8 60.55 h m 55.05 62.5 q 54.95 62.5 54.9 62.6 q 54.75 62.7 54.6 62.8 q 54.7 62.65 54.85 62.5 q 54.9 62.5 55.05 62.5 h c f #fff 1 m 61.15 52.7 q 61.15 52.3 60.95 51.6 q 60.7 50.85 60.4 50.45 q 59.7 49.5 59.2 49.2 q 59.05 50.2 58.9 51.4 q 58.7 52.55 58.45 53.4 q 58.65 53.95 59.55 53.95 q 60.2 53.95 60.65 53.6 q 61.15 53.25 61.15 52.7 c f #fff 1 m 8.1 73.25 q 5.75 73.5 0.05 73.7 q 0.05 73.85 1.65 73.95 q 2.9 74 3.6 74 q 5.7 74 6.45 73.8 q 6.9 73.65 8.1 73.25 c f #fff 1 m 84.1 12.35 q 84.1 11.7 83.8 11.45 q 83.75 11.55 83.7 12.45 q 83.65 13.2 83.2 13.5 l 83.3 13.9 q 83.9 13.95 84.05 13.25 q 84.1 13.05 84.1 12.35 c f #fff 1 m 81.8 0.55 q 81.3 0.85 81.3 1.6 q 81.3 2 81.65 2.45 q 82.05 2.4 82.15 2.3 l 82.2 1.45 q 82.2 0.9 81.8 0.55 c f #fff 1 m 43.7 -43.35 q 43.4 -44.25 41.85 -45.75 q 40.15 -47.3 40.15 -45.75 q 40.15 -45.85 41.3 -44.65 q 42.65 -43.2 43.3 -43.2 q 43.8 -43.2 43.7 -43.35 c f #fff 1 m 34.8 -51.3 q 32.45 -52.75 29.55 -52.75 l 29.5 -52.05 q 29.2 -52.2 29.05 -52.05 q 28.85 -51.85 28.7 -51.75 q 36.15 -48.55 36.75 -48.55 q 37.25 -48.55 37.25 -48.7 q 36.8 -50.05 34.8 -51.3 c
f #fff 1 m -29.1 67.2 q -29.6 66.65 -31.65 65.7 q -33.6 64.75 -33.9 64.8 q -33.1 66.15 -29.15 67.45 l -29.1 67.2 c f #fff 1 m -17.1 72.2 q -16.55 73.05 -14.75 73.8 q -13.05 74.5 -11.8 74.5 q -11.35 74.5 -11.15 74.2 q -13.55 73.35 -17.1 72.2 c f #fff 1 m -42.05 56.55 q -42.9 55.15 -43.65 54.95 l -43.7 55.85 q -43.7 58.1 -35.65 63.6 l -35.6 63.35 q -36.65 61.75 -40 58.85 q -41.05 58.2 -42.05 56.55 c f #fff 1 m -42.35 -35.45 q -42.45 -35.3 -41.95 -35.3 q -40.85 -35.3 -38.6 -36.55 q -36.75 -37.55 -35.2 -38.75 l -35.35 -39.05 q -36.45 -39.45 -39 -37.85 q -39.6 -37.45 -42.35 -35.45 c f #fff 1 m -49 -29.75 q -50 -28.9 -50.9 -26.95 q -51.75 -25.1 -51.95 -23.7 l -51.4 -23.7 q -51.15 -24.25 -50.9 -24.75 q -50.05 -25.9 -49.45 -26.65 q -48.3 -28.25 -47.95 -29.1 l -48 -29.5 q -48.35 -29.5 -48.6 -29.35 q -48.6 -29.65 -48.7 -29.7 q -48.75 -29.7 -49 -29.75 c f #fff 1 m 57.85 62.15 l 57.8 62.1 q 58 61.65 58.1 61.3 q 57.85 61.35 57.25 61.85 q 57.1 61.85 57 61.85 q 55.55 61.85 55.3 61.95 q 55 62.05 54.6 62.85 q 54.35 63.3 52.25 65.25 q 52.25 65.75 52.4 65.55 l 52.45 65.55 q 52.5 65.65 52.6 65.8 q 54.6 65.55 56.4 63.85 q 57.3 62.95 57.75 62.2 q 57.8 62.15 57.85 62.15 c f #fff 1 m 63.45 52.35 l 63.4 51.85 q 61.4 52 61.4 53.45 l 61.45 54 q 62.65 54.05 63.15 53.3 q 63.45 52.85 63.45 52.35 c f #fff 1 m 3.3 75.6 q 3.25 75.4 2.8 75.3 l -0.05 75 l 0 75.45 l 1.45 75.9 l 3 75.9 l 3.3 75.6 c f #fff 1 m 9.1 75.05 l 9.05 74.95 l 4.9 75.3 q 4.9 75.5 6.4 75.5 q 6.75 75.5 7.9 75.3 q 9 75.1 9.1 75.05 c f #fff 1 m 45.65 -44.4 q 45.4 -44.8 43.7 -45.85 q 42 -46.95 41.65 -46.95 q 41.55 -47.1 41.55 -46.6 q 41.55 -46.25 43.05 -45.3 q 44.45 -44.4 45.4 -44 l 45.65 -44.4 c f #fff 1 m 31.65 -52.9 q 31.75 -52.85 31.85 -52.8 q 33.65 -52.75 35.55 -51.85 q 37.5 -51 37.6 -51 q 37.95 -51 37.95 -51.1 q 38 -51.15 38 -51.4 q 36.85 -52.3 36 -52.65 q 34.75 -53.15 32 -53.65 q 31.6 -53.75 31.6 -53.25 q 31.6 -52.95 31.65 -52.9 c
f #fff 1 m -12.8 75.15 q -13.45 74.85 -14.6 74.6 q -15.8 74.35 -16.3 74.4 l -16.35 74.65 q -16.1 74.95 -15.95 75.35 q -15.6 75.55 -13.65 75.55 q -13 75.55 -12.8 75.15 c f #fff 1 m -29.9 69.15 l -29.9 68.85 q -33.3 66.2 -34.05 66.6 q -33.75 67.2 -32.25 68.05 q -30.95 68.8 -29.9 69.15 c f #fff 1 m -44.65 56.95 q -44.85 57.05 -44.9 57.05 q -45 57.15 -45 57.45 q -45 58.25 -42.7 60.55 q -40.25 63 -39.15 62.8 q -39.95 61.9 -42.1 59.75 q -43.95 57.85 -44.65 56.95 c f #fff 1 m -51.2 -29.45 q -51.7 -29 -52.55 -27.95 q -53.45 -26.8 -53.7 -26.2 l -53.6 -26 l -53.35 -25.95 q -52.6 -26.8 -52.1 -27.5 q -51.05 -28.85 -51.05 -29.25 q -51.05 -29.75 -51.2 -29.45 c f #fff 1 m -42.15 -39.8 q -42.65 -39.3 -43.3 -38.3 l -43.25 -37.95 l -42.7 -37.95 q -42.5 -38.35 -41.5 -39.15 q -40.05 -40.3 -39.85 -40.5 l -39.9 -40.75 q -41.25 -40.65 -42.15 -39.8 c f #fff 1 m 58.5 64.1 q 57.7 64.1 56.55 64.95 q 55.55 65.7 54.95 66.45 l 55 66.85 l 55.1 66.95 q 55.25 67 55.55 67 q 56.5 67 57.6 65.95 q 58.65 65 58.65 64.45 q 58.65 64.15 58.6 64.1 q 58.5 64.15 58.5 64.1 c f #fff 1 m 65.85 54.45 q 65.85 54 65.45 53.8 q 64.45 54.6 64.45 55.25 q 64.45 55.55 64.5 55.55 q 64.55 55.55 64.8 55.5 q 65.85 54.8 65.85 54.45 c f #fff 1 m 3.15 77.95 q 2.85 77.7 2 77.55 q 1.3 77.4 0.95 77.4 l 1 77.75 q 2.15 78 2.9 78.2 q 3.4 78.2 3.15 77.95 c f #fff 1 m 47.15 -46.05 q 46.75 -46.8 45.5 -47.6 q 44.2 -48.45 43.4 -48.45 q 43.6 -47.75 43.6 -47.65 q 43.55 -47.6 43.55 -47.55 q 43.55 -47.5 43.85 -47.5 q 44.5 -47.5 45.05 -47.05 q 45.8 -46.4 47.15 -45.9 l 47.15 -46.05 c f #fff 1 m 37.65 -53.6 q 37.35 -54.15 35.75 -54.9 q 33.95 -55.8 33 -55.45 l 33.05 -55.15 q 33.95 -55 37.45 -53.35 q 37.95 -53.35 37.7 -53.45 l 37.65 -53.6 c
f 0 0 s 1 #fff 1 m 23.4 11.7 q 23.4 16.55 20 19.95 q 16.55 23.4 11.7 23.4 q 6.85 23.4 3.45 19.95 q 0 16.55 0 11.7 q 0 6.85 3.45 3.4 q 6.85 0 11.7 0 q 16.55 0 20 3.4 q 23.4 6.85 23.4 11.7
f #06c 1 m 306.8 153.4 q 306.8 89.85 261.85 44.9 q 216.95 0 153.4 0 q 89.85 0 44.9 44.9 q 0 89.85 0 153.4 q 0 216.95 44.9 261.85 q 89.85 306.8 153.4 306.8 q 216.95 306.8 261.85 261.85 q 306.8 216.95 306.8 153.4 c
f #06c 0.2 m 276.8 138.4 q 276.8 81.1 236.25 40.5 q 195.75 0 138.4 0 q 81.15 0 40.55 40.5 q 0 81.1 0 138.4 q 0 195.7 40.55 236.25 q 81.15 276.8 138.4 276.8 q 195.75 276.8 236.25 236.25 q 276.8 195.7 276.8 138.4 c